{
  "cells": [
    {
      "cell_type": "markdown",
      "metadata": {
        "id": "3r9s-3wLLkEV"
      },
      "source": [
        "# Image Preprocessing and Feature Extraction\n",
        "Data preprocessing is important task in any computer vision. To get precise results, some\n",
        "background noise should be removed before extraction of features. \n",
        "*   So first the RGB image is converted to greyscale\n",
        "*   Gaussian filter is used for smoothening of the\n",
        "image\n",
        "*   Otsu’s thresholding algorithm is implemented to binaries the image\n",
        "*   Morphological transform is applied on binarised image to close the small holes in the\n",
        "foreground part\n",
        "*  The bitwise AND operation on\n",
        "binarised image and original color image is performed to get RGB image of segmented\n",
        "leaf\n",
        "*  Now after image segmentation shape, texture and color features are extracted from\n",
        "the image. By using contours, area of the leaf and perimeter of the leaf is calculated.\n",
        "Contours are the line that joins all the points along the edges of objects having same\n",
        "color or intensity. Mean and standard deviation of each channel in RGB image is also\n",
        "estimated.\n",
        "*   To obtain amount of green color in the image, image is first converted to\n",
        "HSV color space and we have calculated the ratio of number of pixels having pixel\n",
        "intensity of hue (H) channel in between 30 and 70 and total number of pixels in one\n",
        "channel. Non green part of image is calculated by subtracting green color part from 1.\n",
        "\n",
        "After extracting color features from the image, we have extracted texture features from\n",
        "grey level co-occurrence matrix (GLCM) of the image\n",
        "\n",
        "GLCM is the spacial relationship of pixels in the image. Extracting texture features\n",
        "from GCLM is one of the tradition method in computer vision. We have extracted\n",
        "following features from GCLM:\n",
        "*   Contrast\n",
        "*   Dissimilarity\n",
        "*   Homogeneity\n",
        "*   Energy\n",
        "*   Correlation\n",
        "\n",
        "After extracting all the features from all the images in the dataset, feature selection task\n",
        "is performed.\n",
        "\n",
        "<img src=\"https://www.researchgate.net/publication/352643083/figure/fig2/AS:1037428873768962@1624353726703/Steps-for-data-preprocessing-and-feature-extraction.ppm\" width=\"400\" height=\"500\">\n",
        "\n",
        "\n",
        "\n"
      ]
    },
    {
      "cell_type": "code",
      "execution_count": null,
      "metadata": {
        "colab": {
          "base_uri": "https://localhost:8080/"
        },
        "id": "s4V473Nsbf_d",
        "outputId": "a6874e18-c5a6-4a27-c6c0-fe08e707d47e"
      },
      "outputs": [
        {
          "output_type": "stream",
          "name": "stdout",
          "text": [
            "Mounted at /content/drive\n"
          ]
        }
      ],
      "source": [
        "from google.colab import drive\n",
        "drive.mount('/content/drive')"
      ]
    },
    {
      "cell_type": "markdown",
      "metadata": {
        "id": "BXRickA0b9Wo"
      },
      "source": [
        "## Importing Libraries"
      ]
    },
    {
      "cell_type": "code",
      "execution_count": null,
      "metadata": {
        "id": "DwcAWfTd5QNG"
      },
      "outputs": [],
      "source": [
        "import os\n",
        "import cv2\n",
        "import numpy as np\n",
        "import pandas as pd\n",
        "from skimage.feature import greycomatrix, greycoprops\n",
        "from matplotlib import pyplot as plt\n",
        "%matplotlib inline\n",
        "from os import listdir\n",
        "from os.path import isfile, join"
      ]
    },
    {
      "cell_type": "markdown",
      "metadata": {
        "id": "rT0OP7Lqdgu9"
      },
      "source": [
        "## Function to Create a new dataframe"
      ]
    },
    {
      "cell_type": "code",
      "execution_count": null,
      "metadata": {
        "id": "acBb9L87cjzu"
      },
      "outputs": [],
      "source": [
        "def create_empty_df():\n",
        "  col = ['area', 'perimeter', 'red_mean', 'green_mean', 'blue_mean', 'f1', 'f2', 'red_std', 'green_std', 'blue_std', 'f4', 'f5', 'f6', 'f7', 'f8', 'label']\n",
        "  df = pd.DataFrame(columns = col)\n",
        "  return df"
      ]
    },
    {
      "cell_type": "markdown",
      "metadata": {
        "id": "ypsozOZ1gqO0"
      },
      "source": [
        "## Function to Extract the features"
      ]
    },
    {
      "cell_type": "code",
      "execution_count": null,
      "metadata": {
        "id": "WcmMR4ovgwTR"
      },
      "outputs": [],
      "source": [
        "def feature_extractor(filename):\n",
        "  '''\n",
        "  input params:\n",
        "  filename : path of the file that we want to process\n",
        "\n",
        "  output params:\n",
        "  l: feature vector\n",
        "  '''\n",
        "\n",
        "  try:\n",
        "    main_img = cv2.imread(filename)\n",
        "    img = cv2.cvtColor(main_img, cv2.COLOR_BGR2RGB) #converts an input image from one color space to another.\n",
        "  except:\n",
        "    return \"Invalid\"\n",
        "  \n",
        "  #Preprocessing\n",
        "\n",
        "  gs = cv2.cvtColor(img, cv2.COLOR_RGB2GRAY) #Grayscale conversion\n",
        "  blur = cv2.GaussianBlur(gs, (25,25), 0) #Gaussian Filter: convolves the source image with the specified Gaussian kernel\n",
        "  ret_otsu, im_bw_otsu = cv2.threshold(blur, 0, 255, cv2.THRESH_BINARY_INV+cv2.THRESH_OTSU) # Otsu's Thresholding\n",
        "  kernel = np.ones((25,25), np.uint8)\n",
        "  closing = cv2.morphologyEx(im_bw_otsu, cv2.MORPH_CLOSE, kernel) #perform advanced morphological transformations using an erosion and dilation as basic operations.\n",
        "\n",
        "  #Shape features\n",
        "  contours, _ = cv2.findContours(closing, cv2.RETR_TREE, cv2.CHAIN_APPROX_SIMPLE)\n",
        "  cnt = contours[0]\n",
        "  M = cv2.moments(cnt)\n",
        "  area = cv2.contourArea(cnt)\n",
        "  if area==0:\n",
        "    return \"Invalid\"\n",
        "  perimeter = cv2.arcLength(cnt,True)\n",
        "\n",
        "  current_frame = main_img\n",
        "  filtered_image = closing/255\n",
        "\n",
        "  #Elementwise Multiplication of range bounded filtered_image with current_frame\n",
        "  current_frame[0:current_frame.shape[0], 0:current_frame.shape[1], 0] = np.multiply(current_frame[0:current_frame.shape[0], 0:current_frame.shape[1], 0], filtered_image) #B channel\n",
        "  current_frame[0:current_frame.shape[0], 0:current_frame.shape[1], 1] = np.multiply(current_frame[0:current_frame.shape[0], 0:current_frame.shape[1], 1], filtered_image) #G channel\n",
        "  current_frame[0:current_frame.shape[0], 0:current_frame.shape[1], 2] = np.multiply(current_frame[0:current_frame.shape[0], 0:current_frame.shape[1], 2], filtered_image) #R channel\n",
        "\n",
        "  img = current_frame\n",
        "\n",
        "  #Color features\n",
        "  red_channel = img[:,:,0]\n",
        "  green_channel = img[:,:,1] #show the intensities of green channe\n",
        "  blue_channel = img[:,:,2]\n",
        "\n",
        "  red_mean = np.mean(red_channel)\n",
        "  green_mean = np.mean(green_channel)\n",
        "  blue_mean = np.mean(blue_channel)\n",
        "\n",
        "  #standard deviation for colour feature from the image.    \n",
        "  red_std = np.std(red_channel)\n",
        "  green_std = np.std(green_channel)\n",
        "  blue_std = np.std(blue_channel)\n",
        "  \n",
        "  #amt.of green color in the image\n",
        "  gr = cv2.cvtColor(img, cv2.COLOR_BGR2HSV)\n",
        "  boundaries = [([30,0,0],[70,255,255])]\n",
        "  for (lower, upper) in boundaries:\n",
        "    mask = cv2.inRange(gr, (36, 0, 0), (70, 255,255))\n",
        "    ratio_green = cv2.countNonZero(mask)/(img.size/3)\n",
        "    f1=np.round(ratio_green, 2)\n",
        "\n",
        "  #amt. of non green part of the image   \n",
        "  f2=1-f1\n",
        "\n",
        "  #Texture features using grey level cooccurance matrix\n",
        "  img=cv2.cvtColor(img, cv2.COLOR_BGR2GRAY)\n",
        "  g=greycomatrix(img, [1], [0, np.pi/4, np.pi/2, 3*np.pi/4])\n",
        "\n",
        "  #with the help of glcm find the contrast\n",
        "  contrast = greycoprops(g, 'contrast')\n",
        "  f4=contrast[0][0]+contrast[0][1]+contrast[0][2]+contrast[0][3]\n",
        "  #[0][3] represent no. of times grey level 3 appears at the right of 0\n",
        "\n",
        "  #with the help of glcm find the dissimilarity \n",
        "  dissimilarity = greycoprops(g, prop='dissimilarity')\n",
        "  f5=dissimilarity[0][0]+dissimilarity[0][1]+dissimilarity[0][2]+dissimilarity[0][3]\n",
        "\n",
        "  #with the help of glcm find the homogeneity\n",
        "  homogeneity = greycoprops(g, prop='homogeneity')\n",
        "  f6=homogeneity[0][0]+homogeneity[0][1]+homogeneity[0][2]+homogeneity[0][3]\n",
        "\n",
        "  #with the help of glcm find the energy\n",
        "  energy = greycoprops(g, prop='energy')\n",
        "  f7=energy[0][0]+energy[0][1]+energy[0][2]+energy[0][3]\n",
        "\n",
        "  #with the help of glcm find the correlation\n",
        "  correlation = greycoprops(g,prop= 'correlation')\n",
        "  f8=correlation[0][0]+correlation[0][1]+correlation[0][2]+correlation[0][3]\n",
        "\n",
        "  l = [area, perimeter, red_mean, green_mean, blue_mean,\n",
        "         f1, f2, red_std, green_std, blue_std,\n",
        "        f4,f5,f6,f7,f8]\n",
        "  \n",
        "  return l"
      ]
    },
    {
      "cell_type": "markdown",
      "metadata": {
        "id": "KlNFAr3t-qom"
      },
      "source": [
        "## Function to Process one folder"
      ]
    },
    {
      "cell_type": "code",
      "execution_count": null,
      "metadata": {
        "id": "GGCAvH8c-vS-"
      },
      "outputs": [],
      "source": [
        "def process_folder(folderpath, df_f, label_f):\n",
        "  '''\n",
        "  input params:\n",
        "  folderpath : Path of the folder that we want to process\n",
        "  df_f = dataframe for specific disease\n",
        "  label_f : label corresponding to the specific disease\n",
        "\n",
        "  Output params:\n",
        "  df_f = Dataframe consisting processed vectors\n",
        "  '''\n",
        "  imagelist = os.listdir(folderpath) #stores all the imagepaths in the python list\n",
        "  for image in imagelist:\n",
        "    imagepath = os.path.join(folderpath, image)\n",
        "    im_feature = feature_extractor(imagepath)\n",
        "    if im_feature == \"Invalid\":\n",
        "      continue\n",
        "    im_feature.append(label_f) #append label to feature vector\n",
        "    df_f.loc[len(df_f)] = im_feature\n",
        "    if len(df_f)%500 == 0:\n",
        "      print(len(df_f))\n",
        "\n",
        "  return df_f"
      ]
    },
    {
      "cell_type": "markdown",
      "metadata": {
        "id": "a64yqGHe_tb0"
      },
      "source": [
        "## Function to Process one plant"
      ]
    },
    {
      "cell_type": "code",
      "execution_count": null,
      "metadata": {
        "id": "uCDbbHkm_qgV"
      },
      "outputs": [],
      "source": [
        "def process_plant(folderpaths, labels, savepath):\n",
        "  '''\n",
        "  input params:\n",
        "  folderpaths : List of the folderpaths for specific Plant\n",
        "  labels : List of labels \n",
        "  savepath : Path to export datasheet\n",
        "\n",
        "  Output params:\n",
        "  None\n",
        "  '''\n",
        "  datasheet = create_empty_df()\n",
        "  for i in range(len(folderpaths)):\n",
        "      datasheet = process_folder(folderpaths[i],datasheet,labels[i])\n",
        "\n",
        "  datasheet.to_excel(savepath)\n",
        "\n",
        "  return None"
      ]
    },
    {
      "cell_type": "markdown",
      "metadata": {
        "id": "GiB32ipkANku"
      },
      "source": [
        "## Data Preprocessing\n"
      ]
    },
    {
      "cell_type": "code",
      "execution_count": null,
      "metadata": {
        "colab": {
          "base_uri": "https://localhost:8080/"
        },
        "id": "sgXFhqWiAUug",
        "outputId": "0c32a74c-8a28-43bb-8151-92aa213c14f7"
      },
      "outputs": [
        {
          "output_type": "stream",
          "name": "stdout",
          "text": [
            "500\n",
            "1000\n",
            "1500\n",
            "2000\n",
            "2500\n",
            "3000\n",
            "3500\n",
            "4000\n",
            "4500\n",
            "5000\n",
            "5500\n",
            "6000\n",
            "6500\n",
            "7000\n",
            "7500\n",
            "8000\n",
            "8500\n",
            "9000\n",
            "9500\n",
            "10000\n",
            "10500\n",
            "11000\n",
            "11500\n",
            "12000\n",
            "12500\n",
            "13000\n",
            "13500\n",
            "14000\n"
          ]
        }
      ],
      "source": [
        "global_folder = '/content/drive/MyDrive/Tomato-Leaf-Disease-Detection/plantvillage/'\n",
        "folderpaths = [global_folder+ 'Tomato___healthy',\n",
        "              global_folder+ 'Tomato___Bacterial_spot',\n",
        "              global_folder+ 'Tomato___Early_blight',\n",
        "              global_folder+ 'Tomato___Late_blight',\n",
        "              global_folder+ 'Tomato___Leaf_Mold',\n",
        "              global_folder+ 'Tomato___Septoria_leaf_spot',\n",
        "              global_folder+ 'Tomato___Spider_mites Two-spotted_spider_mite',\n",
        "              global_folder+ 'Tomato___Target_Spot',\n",
        "              global_folder+ 'Tomato___Tomato_Yellow_Leaf_Curl_Virus',\n",
        "              global_folder+ 'Tomato___Tomato_mosaic_virus'\n",
        "              ]\n",
        "\n",
        "labels = [0,1,2,3,4,5,6,7,8,9]\n",
        "savepath = '/content/drive/MyDrive/Tomato-Leaf-Disease-Detection/tomato.xlsx'\n",
        "process_plant(folderpaths, labels, savepath)"
      ]
    },
    {
      "cell_type": "markdown",
      "metadata": {
        "id": "xS-VuXN-Dffh"
      },
      "source": [
        "# Data cleaning and Feature selection\n",
        "Feature selection is an important step in all machine learning problems. In this project\n",
        "we are selecting the features on the basis of correlation of variables with target variable.\n",
        "\n",
        "For example:\n",
        "\n",
        "The\n",
        "correlation of feature green part of leaf (f1) and green part of leaf (f2) is very high (1)\n",
        "which means both variables are dependent on each other. So we have dropped one of\n",
        "them (f2). Now for apple disease prediction, less correlated features such as green\n",
        "channel mean, red channel standard deviation, blue channel standard deviation,\n",
        "dissimilarity (f5) and correlation (f8) will not contribute too much in model\n",
        "development. So we have dropped these variables also. After feature selection, the data\n",
        "is now parsed to machine learning classifiers to find the patterns in the data."
      ]
    },
    {
      "cell_type": "code",
      "execution_count": null,
      "metadata": {
        "colab": {
          "base_uri": "https://localhost:8080/"
        },
        "id": "wM2EXYZGlXtJ",
        "outputId": "00f79085-37e2-4272-b42c-68a691fae0b0"
      },
      "outputs": [
        {
          "output_type": "stream",
          "name": "stdout",
          "text": [
            "Mounted at /content/drive\n"
          ]
        }
      ],
      "source": [
        "from google.colab import drive\n",
        "drive.mount('/content/drive')"
      ]
    },
    {
      "cell_type": "code",
      "execution_count": null,
      "metadata": {
        "id": "3Z0HPKdEDlYy"
      },
      "outputs": [],
      "source": [
        "import pandas as pd\n",
        "import matplotlib.pyplot as plt\n",
        "import numpy as np\n",
        "import seaborn as sns"
      ]
    },
    {
      "cell_type": "code",
      "execution_count": null,
      "metadata": {
        "id": "FQhFapQREwl_"
      },
      "outputs": [],
      "source": [
        "raw_data = pd.read_excel('/content/drive/MyDrive/Tomato-Leaf-Disease-Detection/tomato.xlsx')"
      ]
    },
    {
      "cell_type": "code",
      "execution_count": null,
      "metadata": {
        "colab": {
          "base_uri": "https://localhost:8080/"
        },
        "id": "yCygQlj7FjSO",
        "outputId": "708325f3-6611-46dd-a2d0-2c89961cd1a3"
      },
      "outputs": [
        {
          "output_type": "execute_result",
          "data": {
            "text/plain": [
              "Unnamed: 0      int64\n",
              "area          float64\n",
              "perimeter     float64\n",
              "red_mean      float64\n",
              "green_mean    float64\n",
              "blue_mean     float64\n",
              "f1            float64\n",
              "f2            float64\n",
              "red_std       float64\n",
              "green_std     float64\n",
              "blue_std      float64\n",
              "f4            float64\n",
              "f5            float64\n",
              "f6            float64\n",
              "f7            float64\n",
              "f8            float64\n",
              "label           int64\n",
              "dtype: object"
            ]
          },
          "metadata": {},
          "execution_count": 16
        }
      ],
      "source": [
        "raw_data.dtypes"
      ]
    },
    {
      "cell_type": "code",
      "execution_count": null,
      "metadata": {
        "id": "Ybgfrof3FnGX"
      },
      "outputs": [],
      "source": [
        "raw_data.drop(['Unnamed: 0'], axis = 1, inplace=True)"
      ]
    },
    {
      "cell_type": "code",
      "execution_count": null,
      "metadata": {
        "colab": {
          "base_uri": "https://localhost:8080/"
        },
        "id": "teR-Yqy-F6_A",
        "outputId": "41299c02-1ad3-47bd-a763-cada20f76a89"
      },
      "outputs": [
        {
          "output_type": "execute_result",
          "data": {
            "text/plain": [
              "Index(['area', 'perimeter', 'red_mean', 'green_mean', 'blue_mean', 'f1', 'f2',\n",
              "       'red_std', 'green_std', 'blue_std', 'f4', 'f5', 'f6', 'f7', 'f8',\n",
              "       'label'],\n",
              "      dtype='object')"
            ]
          },
          "metadata": {},
          "execution_count": 18
        }
      ],
      "source": [
        "raw_data.columns"
      ]
    },
    {
      "cell_type": "code",
      "execution_count": null,
      "metadata": {
        "colab": {
          "base_uri": "https://localhost:8080/",
          "height": 615
        },
        "id": "joTKHPvCF90p",
        "outputId": "f31cd3dc-ec8e-4d75-e16b-283d16cd8952"
      },
      "outputs": [
        {
          "output_type": "execute_result",
          "data": {
            "text/plain": [
              "                area  perimeter  red_mean  green_mean  blue_mean        f1  \\\n",
              "area        1.000000   0.824052  0.463559    0.496858   0.468154  0.377099   \n",
              "perimeter   0.824052   1.000000  0.282385    0.282851   0.279706  0.171505   \n",
              "red_mean    0.463559   0.282385  1.000000    0.899398   0.929280  0.296912   \n",
              "green_mean  0.496858   0.282851  0.899398    1.000000   0.970695  0.539939   \n",
              "blue_mean   0.468154   0.279706  0.929280    0.970695   1.000000  0.387317   \n",
              "f1          0.377099   0.171505  0.296912    0.539939   0.387317  1.000000   \n",
              "f2         -0.377099  -0.171505 -0.296912   -0.539939  -0.387317 -1.000000   \n",
              "red_std     0.148208   0.174014  0.789214    0.639749   0.706749  0.098369   \n",
              "green_std   0.069508   0.120693  0.535615    0.643678   0.634722  0.340027   \n",
              "blue_std    0.061543   0.133698  0.592054    0.594371   0.673809  0.120166   \n",
              "f4         -0.029870   0.036060  0.141778    0.059904   0.124303  0.143307   \n",
              "f5          0.140127   0.127054  0.296304    0.208884   0.254413  0.290583   \n",
              "f6         -0.582346  -0.342144 -0.778110   -0.811103  -0.773868 -0.614067   \n",
              "f7         -0.622478  -0.350593 -0.802047   -0.868311  -0.828246 -0.595896   \n",
              "f8          0.132690   0.088076  0.316459    0.424509   0.363488  0.091840   \n",
              "label      -0.007389  -0.036776 -0.088513    0.105265   0.067949  0.264160   \n",
              "\n",
              "                  f2   red_std  green_std  blue_std        f4        f5  \\\n",
              "area       -0.377099  0.148208   0.069508  0.061543 -0.029870  0.140127   \n",
              "perimeter  -0.171505  0.174014   0.120693  0.133698  0.036060  0.127054   \n",
              "red_mean   -0.296912  0.789214   0.535615  0.592054  0.141778  0.296304   \n",
              "green_mean -0.539939  0.639749   0.643678  0.594371  0.059904  0.208884   \n",
              "blue_mean  -0.387317  0.706749   0.634722  0.673809  0.124303  0.254413   \n",
              "f1         -1.000000  0.098369   0.340027  0.120166  0.143307  0.290583   \n",
              "f2          1.000000 -0.098369  -0.340027 -0.120166 -0.143307 -0.290583   \n",
              "red_std    -0.098369  1.000000   0.765816  0.854889  0.468266  0.506135   \n",
              "green_std  -0.340027  0.765816   1.000000  0.916546  0.415096  0.413187   \n",
              "blue_std   -0.120166  0.854889   0.916546  1.000000  0.505633  0.498900   \n",
              "f4         -0.143307  0.468266   0.415096  0.505633  1.000000  0.931030   \n",
              "f5         -0.290583  0.506135   0.413187  0.498900  0.931030  1.000000   \n",
              "f6          0.614067 -0.509586  -0.416715 -0.409325 -0.188025 -0.457930   \n",
              "f7          0.595896 -0.453983  -0.371377 -0.351427 -0.015477 -0.251381   \n",
              "f8         -0.091840  0.122595   0.251888  0.134781 -0.702074 -0.594112   \n",
              "label      -0.264160 -0.129064   0.146535  0.037013 -0.113290 -0.094631   \n",
              "\n",
              "                  f6        f7        f8     label  \n",
              "area       -0.582346 -0.622478  0.132690 -0.007389  \n",
              "perimeter  -0.342144 -0.350593  0.088076 -0.036776  \n",
              "red_mean   -0.778110 -0.802047  0.316459 -0.088513  \n",
              "green_mean -0.811103 -0.868311  0.424509  0.105265  \n",
              "blue_mean  -0.773868 -0.828246  0.363488  0.067949  \n",
              "f1         -0.614067 -0.595896  0.091840  0.264160  \n",
              "f2          0.614067  0.595896 -0.091840 -0.264160  \n",
              "red_std    -0.509586 -0.453983  0.122595 -0.129064  \n",
              "green_std  -0.416715 -0.371377  0.251888  0.146535  \n",
              "blue_std   -0.409325 -0.351427  0.134781  0.037013  \n",
              "f4         -0.188025 -0.015477 -0.702074 -0.113290  \n",
              "f5         -0.457930 -0.251381 -0.594112 -0.094631  \n",
              "f6          1.000000  0.952082 -0.210713  0.008376  \n",
              "f7          0.952082  1.000000 -0.335883 -0.030334  \n",
              "f8         -0.210713 -0.335883  1.000000  0.171977  \n",
              "label       0.008376 -0.030334  0.171977  1.000000  "
            ],
            "text/html": [
              "\n",
              "  <div id=\"df-7e061736-e51d-4945-9833-fe5e65b1f98e\">\n",
              "    <div class=\"colab-df-container\">\n",
              "      <div>\n",
              "<style scoped>\n",
              "    .dataframe tbody tr th:only-of-type {\n",
              "        vertical-align: middle;\n",
              "    }\n",
              "\n",
              "    .dataframe tbody tr th {\n",
              "        vertical-align: top;\n",
              "    }\n",
              "\n",
              "    .dataframe thead th {\n",
              "        text-align: right;\n",
              "    }\n",
              "</style>\n",
              "<table border=\"1\" class=\"dataframe\">\n",
              "  <thead>\n",
              "    <tr style=\"text-align: right;\">\n",
              "      <th></th>\n",
              "      <th>area</th>\n",
              "      <th>perimeter</th>\n",
              "      <th>red_mean</th>\n",
              "      <th>green_mean</th>\n",
              "      <th>blue_mean</th>\n",
              "      <th>f1</th>\n",
              "      <th>f2</th>\n",
              "      <th>red_std</th>\n",
              "      <th>green_std</th>\n",
              "      <th>blue_std</th>\n",
              "      <th>f4</th>\n",
              "      <th>f5</th>\n",
              "      <th>f6</th>\n",
              "      <th>f7</th>\n",
              "      <th>f8</th>\n",
              "      <th>label</th>\n",
              "    </tr>\n",
              "  </thead>\n",
              "  <tbody>\n",
              "    <tr>\n",
              "      <th>area</th>\n",
              "      <td>1.000000</td>\n",
              "      <td>0.824052</td>\n",
              "      <td>0.463559</td>\n",
              "      <td>0.496858</td>\n",
              "      <td>0.468154</td>\n",
              "      <td>0.377099</td>\n",
              "      <td>-0.377099</td>\n",
              "      <td>0.148208</td>\n",
              "      <td>0.069508</td>\n",
              "      <td>0.061543</td>\n",
              "      <td>-0.029870</td>\n",
              "      <td>0.140127</td>\n",
              "      <td>-0.582346</td>\n",
              "      <td>-0.622478</td>\n",
              "      <td>0.132690</td>\n",
              "      <td>-0.007389</td>\n",
              "    </tr>\n",
              "    <tr>\n",
              "      <th>perimeter</th>\n",
              "      <td>0.824052</td>\n",
              "      <td>1.000000</td>\n",
              "      <td>0.282385</td>\n",
              "      <td>0.282851</td>\n",
              "      <td>0.279706</td>\n",
              "      <td>0.171505</td>\n",
              "      <td>-0.171505</td>\n",
              "      <td>0.174014</td>\n",
              "      <td>0.120693</td>\n",
              "      <td>0.133698</td>\n",
              "      <td>0.036060</td>\n",
              "      <td>0.127054</td>\n",
              "      <td>-0.342144</td>\n",
              "      <td>-0.350593</td>\n",
              "      <td>0.088076</td>\n",
              "      <td>-0.036776</td>\n",
              "    </tr>\n",
              "    <tr>\n",
              "      <th>red_mean</th>\n",
              "      <td>0.463559</td>\n",
              "      <td>0.282385</td>\n",
              "      <td>1.000000</td>\n",
              "      <td>0.899398</td>\n",
              "      <td>0.929280</td>\n",
              "      <td>0.296912</td>\n",
              "      <td>-0.296912</td>\n",
              "      <td>0.789214</td>\n",
              "      <td>0.535615</td>\n",
              "      <td>0.592054</td>\n",
              "      <td>0.141778</td>\n",
              "      <td>0.296304</td>\n",
              "      <td>-0.778110</td>\n",
              "      <td>-0.802047</td>\n",
              "      <td>0.316459</td>\n",
              "      <td>-0.088513</td>\n",
              "    </tr>\n",
              "    <tr>\n",
              "      <th>green_mean</th>\n",
              "      <td>0.496858</td>\n",
              "      <td>0.282851</td>\n",
              "      <td>0.899398</td>\n",
              "      <td>1.000000</td>\n",
              "      <td>0.970695</td>\n",
              "      <td>0.539939</td>\n",
              "      <td>-0.539939</td>\n",
              "      <td>0.639749</td>\n",
              "      <td>0.643678</td>\n",
              "      <td>0.594371</td>\n",
              "      <td>0.059904</td>\n",
              "      <td>0.208884</td>\n",
              "      <td>-0.811103</td>\n",
              "      <td>-0.868311</td>\n",
              "      <td>0.424509</td>\n",
              "      <td>0.105265</td>\n",
              "    </tr>\n",
              "    <tr>\n",
              "      <th>blue_mean</th>\n",
              "      <td>0.468154</td>\n",
              "      <td>0.279706</td>\n",
              "      <td>0.929280</td>\n",
              "      <td>0.970695</td>\n",
              "      <td>1.000000</td>\n",
              "      <td>0.387317</td>\n",
              "      <td>-0.387317</td>\n",
              "      <td>0.706749</td>\n",
              "      <td>0.634722</td>\n",
              "      <td>0.673809</td>\n",
              "      <td>0.124303</td>\n",
              "      <td>0.254413</td>\n",
              "      <td>-0.773868</td>\n",
              "      <td>-0.828246</td>\n",
              "      <td>0.363488</td>\n",
              "      <td>0.067949</td>\n",
              "    </tr>\n",
              "    <tr>\n",
              "      <th>f1</th>\n",
              "      <td>0.377099</td>\n",
              "      <td>0.171505</td>\n",
              "      <td>0.296912</td>\n",
              "      <td>0.539939</td>\n",
              "      <td>0.387317</td>\n",
              "      <td>1.000000</td>\n",
              "      <td>-1.000000</td>\n",
              "      <td>0.098369</td>\n",
              "      <td>0.340027</td>\n",
              "      <td>0.120166</td>\n",
              "      <td>0.143307</td>\n",
              "      <td>0.290583</td>\n",
              "      <td>-0.614067</td>\n",
              "      <td>-0.595896</td>\n",
              "      <td>0.091840</td>\n",
              "      <td>0.264160</td>\n",
              "    </tr>\n",
              "    <tr>\n",
              "      <th>f2</th>\n",
              "      <td>-0.377099</td>\n",
              "      <td>-0.171505</td>\n",
              "      <td>-0.296912</td>\n",
              "      <td>-0.539939</td>\n",
              "      <td>-0.387317</td>\n",
              "      <td>-1.000000</td>\n",
              "      <td>1.000000</td>\n",
              "      <td>-0.098369</td>\n",
              "      <td>-0.340027</td>\n",
              "      <td>-0.120166</td>\n",
              "      <td>-0.143307</td>\n",
              "      <td>-0.290583</td>\n",
              "      <td>0.614067</td>\n",
              "      <td>0.595896</td>\n",
              "      <td>-0.091840</td>\n",
              "      <td>-0.264160</td>\n",
              "    </tr>\n",
              "    <tr>\n",
              "      <th>red_std</th>\n",
              "      <td>0.148208</td>\n",
              "      <td>0.174014</td>\n",
              "      <td>0.789214</td>\n",
              "      <td>0.639749</td>\n",
              "      <td>0.706749</td>\n",
              "      <td>0.098369</td>\n",
              "      <td>-0.098369</td>\n",
              "      <td>1.000000</td>\n",
              "      <td>0.765816</td>\n",
              "      <td>0.854889</td>\n",
              "      <td>0.468266</td>\n",
              "      <td>0.506135</td>\n",
              "      <td>-0.509586</td>\n",
              "      <td>-0.453983</td>\n",
              "      <td>0.122595</td>\n",
              "      <td>-0.129064</td>\n",
              "    </tr>\n",
              "    <tr>\n",
              "      <th>green_std</th>\n",
              "      <td>0.069508</td>\n",
              "      <td>0.120693</td>\n",
              "      <td>0.535615</td>\n",
              "      <td>0.643678</td>\n",
              "      <td>0.634722</td>\n",
              "      <td>0.340027</td>\n",
              "      <td>-0.340027</td>\n",
              "      <td>0.765816</td>\n",
              "      <td>1.000000</td>\n",
              "      <td>0.916546</td>\n",
              "      <td>0.415096</td>\n",
              "      <td>0.413187</td>\n",
              "      <td>-0.416715</td>\n",
              "      <td>-0.371377</td>\n",
              "      <td>0.251888</td>\n",
              "      <td>0.146535</td>\n",
              "    </tr>\n",
              "    <tr>\n",
              "      <th>blue_std</th>\n",
              "      <td>0.061543</td>\n",
              "      <td>0.133698</td>\n",
              "      <td>0.592054</td>\n",
              "      <td>0.594371</td>\n",
              "      <td>0.673809</td>\n",
              "      <td>0.120166</td>\n",
              "      <td>-0.120166</td>\n",
              "      <td>0.854889</td>\n",
              "      <td>0.916546</td>\n",
              "      <td>1.000000</td>\n",
              "      <td>0.505633</td>\n",
              "      <td>0.498900</td>\n",
              "      <td>-0.409325</td>\n",
              "      <td>-0.351427</td>\n",
              "      <td>0.134781</td>\n",
              "      <td>0.037013</td>\n",
              "    </tr>\n",
              "    <tr>\n",
              "      <th>f4</th>\n",
              "      <td>-0.029870</td>\n",
              "      <td>0.036060</td>\n",
              "      <td>0.141778</td>\n",
              "      <td>0.059904</td>\n",
              "      <td>0.124303</td>\n",
              "      <td>0.143307</td>\n",
              "      <td>-0.143307</td>\n",
              "      <td>0.468266</td>\n",
              "      <td>0.415096</td>\n",
              "      <td>0.505633</td>\n",
              "      <td>1.000000</td>\n",
              "      <td>0.931030</td>\n",
              "      <td>-0.188025</td>\n",
              "      <td>-0.015477</td>\n",
              "      <td>-0.702074</td>\n",
              "      <td>-0.113290</td>\n",
              "    </tr>\n",
              "    <tr>\n",
              "      <th>f5</th>\n",
              "      <td>0.140127</td>\n",
              "      <td>0.127054</td>\n",
              "      <td>0.296304</td>\n",
              "      <td>0.208884</td>\n",
              "      <td>0.254413</td>\n",
              "      <td>0.290583</td>\n",
              "      <td>-0.290583</td>\n",
              "      <td>0.506135</td>\n",
              "      <td>0.413187</td>\n",
              "      <td>0.498900</td>\n",
              "      <td>0.931030</td>\n",
              "      <td>1.000000</td>\n",
              "      <td>-0.457930</td>\n",
              "      <td>-0.251381</td>\n",
              "      <td>-0.594112</td>\n",
              "      <td>-0.094631</td>\n",
              "    </tr>\n",
              "    <tr>\n",
              "      <th>f6</th>\n",
              "      <td>-0.582346</td>\n",
              "      <td>-0.342144</td>\n",
              "      <td>-0.778110</td>\n",
              "      <td>-0.811103</td>\n",
              "      <td>-0.773868</td>\n",
              "      <td>-0.614067</td>\n",
              "      <td>0.614067</td>\n",
              "      <td>-0.509586</td>\n",
              "      <td>-0.416715</td>\n",
              "      <td>-0.409325</td>\n",
              "      <td>-0.188025</td>\n",
              "      <td>-0.457930</td>\n",
              "      <td>1.000000</td>\n",
              "      <td>0.952082</td>\n",
              "      <td>-0.210713</td>\n",
              "      <td>0.008376</td>\n",
              "    </tr>\n",
              "    <tr>\n",
              "      <th>f7</th>\n",
              "      <td>-0.622478</td>\n",
              "      <td>-0.350593</td>\n",
              "      <td>-0.802047</td>\n",
              "      <td>-0.868311</td>\n",
              "      <td>-0.828246</td>\n",
              "      <td>-0.595896</td>\n",
              "      <td>0.595896</td>\n",
              "      <td>-0.453983</td>\n",
              "      <td>-0.371377</td>\n",
              "      <td>-0.351427</td>\n",
              "      <td>-0.015477</td>\n",
              "      <td>-0.251381</td>\n",
              "      <td>0.952082</td>\n",
              "      <td>1.000000</td>\n",
              "      <td>-0.335883</td>\n",
              "      <td>-0.030334</td>\n",
              "    </tr>\n",
              "    <tr>\n",
              "      <th>f8</th>\n",
              "      <td>0.132690</td>\n",
              "      <td>0.088076</td>\n",
              "      <td>0.316459</td>\n",
              "      <td>0.424509</td>\n",
              "      <td>0.363488</td>\n",
              "      <td>0.091840</td>\n",
              "      <td>-0.091840</td>\n",
              "      <td>0.122595</td>\n",
              "      <td>0.251888</td>\n",
              "      <td>0.134781</td>\n",
              "      <td>-0.702074</td>\n",
              "      <td>-0.594112</td>\n",
              "      <td>-0.210713</td>\n",
              "      <td>-0.335883</td>\n",
              "      <td>1.000000</td>\n",
              "      <td>0.171977</td>\n",
              "    </tr>\n",
              "    <tr>\n",
              "      <th>label</th>\n",
              "      <td>-0.007389</td>\n",
              "      <td>-0.036776</td>\n",
              "      <td>-0.088513</td>\n",
              "      <td>0.105265</td>\n",
              "      <td>0.067949</td>\n",
              "      <td>0.264160</td>\n",
              "      <td>-0.264160</td>\n",
              "      <td>-0.129064</td>\n",
              "      <td>0.146535</td>\n",
              "      <td>0.037013</td>\n",
              "      <td>-0.113290</td>\n",
              "      <td>-0.094631</td>\n",
              "      <td>0.008376</td>\n",
              "      <td>-0.030334</td>\n",
              "      <td>0.171977</td>\n",
              "      <td>1.000000</td>\n",
              "    </tr>\n",
              "  </tbody>\n",
              "</table>\n",
              "</div>\n",
              "      <button class=\"colab-df-convert\" onclick=\"convertToInteractive('df-7e061736-e51d-4945-9833-fe5e65b1f98e')\"\n",
              "              title=\"Convert this dataframe to an interactive table.\"\n",
              "              style=\"display:none;\">\n",
              "        \n",
              "  <svg xmlns=\"http://www.w3.org/2000/svg\" height=\"24px\"viewBox=\"0 0 24 24\"\n",
              "       width=\"24px\">\n",
              "    <path d=\"M0 0h24v24H0V0z\" fill=\"none\"/>\n",
              "    <path d=\"M18.56 5.44l.94 2.06.94-2.06 2.06-.94-2.06-.94-.94-2.06-.94 2.06-2.06.94zm-11 1L8.5 8.5l.94-2.06 2.06-.94-2.06-.94L8.5 2.5l-.94 2.06-2.06.94zm10 10l.94 2.06.94-2.06 2.06-.94-2.06-.94-.94-2.06-.94 2.06-2.06.94z\"/><path d=\"M17.41 7.96l-1.37-1.37c-.4-.4-.92-.59-1.43-.59-.52 0-1.04.2-1.43.59L10.3 9.45l-7.72 7.72c-.78.78-.78 2.05 0 2.83L4 21.41c.39.39.9.59 1.41.59.51 0 1.02-.2 1.41-.59l7.78-7.78 2.81-2.81c.8-.78.8-2.07 0-2.86zM5.41 20L4 18.59l7.72-7.72 1.47 1.35L5.41 20z\"/>\n",
              "  </svg>\n",
              "      </button>\n",
              "      \n",
              "  <style>\n",
              "    .colab-df-container {\n",
              "      display:flex;\n",
              "      flex-wrap:wrap;\n",
              "      gap: 12px;\n",
              "    }\n",
              "\n",
              "    .colab-df-convert {\n",
              "      background-color: #E8F0FE;\n",
              "      border: none;\n",
              "      border-radius: 50%;\n",
